KDE RGB Palette
#
0 22 51 
0 22 51 
0 114 255 
0 114 255 
0 19 43 
0 19 43 
0 0 0 
0 0 0 
0 25 58 
0 25 58 
192 192 0 
192 192 0 
255 220 168 
255 220 168 
255 212 128 
88 88 88 
88 88 88 
88 88 88 
88 88 88 
128 128 128 
128 128 128 
128 128 128 
128 128 128 
160 160 160 
160 160 160 
255 153 255 
255 153 255 
13 14 16 
13 14 16 
25 25 25 
25 25 25 
13 14 16 
13 14 16 
36 39 44 
36 39 44 
255 220 168 
255 220 168 
70 70 75 
70 70 75 
255 220 168 
255 220 168 
255 220 168 
255 220 168 
192 166 126 
192 166 126 
255 220 168 
255 220 168 
255 220 168 
255 220 168 
203 175 134 
203 175 134 
203 175 134 
255 0 0 
255 0 0 
203 175 134 
203 175 134 
203 175 134 
203 175 134 
203 175 134 
203 175 134 
17 20 73 
17 20 73 
255 220 168 
255 220 168 
139 67 67 
139 67 67 
100 50 50 
61 49 139 
61 49 139 
55 54 155 
55 54 155 
68 67 192 
68 67 192 
48 48 48 
48 48 48 
88 88 88 
88 88 88 
255 168 88 
255 168 88 
160 160 160 
160 160 160 
0 0 0 
0 0 0 
255 255 255 
255 255 255 
160 160 160 
160 160 160 
255 255 255 
255 255 255 
88 88 88 
88 88 88 
128 128 128 
128 128 128 
0 205 205 
0 205 205 
0 205 205 
0 205 205 
128 128 128 
128 128 128 
88 88 88 
88 88 88 
88 88 88 
88 88 88 
88 88 88 
88 88 88 
128 128 128 
128 128 128 
195 195 195 
195 195 195 
48 48 48 
48 48 48 
88 88 88 
88 88 88 
0 0 0 
0 0 0 
0 0 0 
0 0 0 
255 220 168 
255 220 168 
0 0 0 
0 0 0 
0 0 0 
0 0 0 
0 255 0 
0 255 0 
160 160 160 
160 160 160 
0 0 0 
0 0 0 
0 255 0 
0 255 0 
255 220 168 
255 220 168 
88 88 88 
88 88 88 
0 0 0 
0 0 0 
0 255 0 
0 255 0 
48 48 48 
48 48 48 
192 192 255 
192 192 255 
192 255 192 
192 255 192 
255 192 255 
255 192 255 
64 64 0 
64 64 0 
192 192 0 
192 192 0 
128 128 0 
128 128 0 
0 0 192 
0 0 192 
192 192 255 
192 192 255 
192 0 0 
192 0 0 
128 0 0 
128 0 0 
98 74 74 
98 74 74 
121 91 91 
121 91 91 
120 90 90 
120 90 90 
55 120 40 
55 120 40 
71 99 120 
71 99 120 
70 70 75 
70 70 75 
0 128 255 
255 192 192 
0 255 0 
0 0 255 
255 255 192 
